0 2 11644.2232 3601.2165 3399.2550 9.8840e-04 9.3770e-04 9.8270e-04 -9.5800e-06 -9.5200e-06 9.5200e-06 
0 4 -5321.7164 3634.0754 3173.6652 2.1580e-04 1.9190e-04 2.0050e-04 -2.1000e-06 -2.1000e-06 2.1600e-06 
1 2 3960.5442 -6681.2467 -7279.0148 2.3050e-04 2.5460e-04 2.2520e-04 -2.2300e-06 -2.2300e-06 2.0700e-06 
1 3 -11167.6076 -394.5204 -907.9593 2.7000e-04 2.7210e-04 2.6700e-04 -2.7500e-06 -2.7200e-06 2.8500e-06 
3 2 15128.1647 -6286.7054 -6371.0583 1.4610e-04 1.6140e-04 1.3080e-04 -1.4300e-06 -1.4400e-06 1.3400e-06 
3 4 -1837.7459 -6253.8534 -6596.6697 1.2310e-04 1.2770e-04 1.2830e-04 -1.1900e-06 -1.2100e-06 1.2200e-06 
5 0 -1116.4523 -4596.1610 -4355.9062 7.4750e-05 6.5930e-05 7.6160e-05 -7.9000e-07 -8.1000e-07 8.8000e-07 
5 2 10527.7852 -994.9377 -956.6246 2.5670e-04 2.1630e-04 2.3970e-04 -2.2500e-06 -2.2700e-06 2.4000e-06 
5 4 -6438.1364 -962.0694 -1182.2305 9.4420e-05 9.9590e-05 8.8260e-05 -9.2000e-07 -8.9000e-07 1.0400e-06 
5 3 -4600.3787 5291.7785 5414.4311 9.3300e-05 9.8750e-05 1.2040e-04 -9.9000e-07 -9.9000e-07 9.0000e-07 
5 1 6567.2311 5686.2926 6322.3917 6.6430e-05 7.4650e-05 6.0480e-05 -6.5000e-07 -6.4000e-07 6.9000e-07 
1 5 -6567.2310 -5686.3033 -6322.3807 5.5120e-05 7.4720e-05 6.6290e-05 -6.3000e-07 -6.3000e-07 6.1000e-07 
0 5 1116.4577 4596.1553 4355.9141 6.6190e-05 8.1080e-05 9.3760e-05 -8.0000e-07 -8.2000e-07 9.0000e-07 
0 1 7683.6883 10282.4550 10678.3008 7.2397e-04 6.7620e-04 7.3100e-04 -7.2800e-06 -7.2900e-06 7.5200e-06 
