0  2  11644.2232  3601.2165  3399.2550  9.884e-4  -9.580e-6  9.520e-6  9.377e-4  -9.520e-6  9.827e-4
0  4  -5321.7164  3634.0754  3173.6652  2.158e-4  -2.100e-6  2.160e-6  1.919e-4  -2.100e-6  2.005e-4
1  2  3960.5442  -6681.2467  -7279.0148  2.305e-4  -2.230e-6  2.070e-6  2.546e-4  -2.230e-6  2.252e-4
1  3  -11167.6076  -394.5204  -907.9593  2.700e-4  -2.750e-6  2.850e-6  2.721e-4  -2.720e-6  2.670e-4
3  2  15128.1647  -6286.7054  -6371.0583  1.461e-4  -1.430e-6  1.340e-6  1.614e-4  -1.440e-6  1.308e-4
3  4  -1837.7459  -6253.8534  -6596.6697  1.231e-4  -1.190e-6  1.220e-6  1.277e-4  -1.210e-6  1.283e-4
5  0  -1116.4523  -4596.1610  -4355.9062  7.475e-5  -7.900e-7  8.800e-7  6.593e-5  -8.100e-7  7.616e-5
5  2  10527.7852  -994.9377  -956.6246  2.567e-4  -2.250e-6  2.400e-6  2.163e-4  -2.270e-6  2.397e-4
5  4  -6438.1364  -962.0694  -1182.2305  9.442e-5  -9.200e-7  1.040e-6  9.959e-5  -8.900e-7  8.826e-5
5  3  -4600.3787  5291.7785  5414.4311  9.330e-5  -9.900e-7  9.000e-7  9.875e-5  -9.900e-7  1.204e-4
5  1  6567.2311  5686.2926  6322.3917  6.643e-5  -6.500e-7  6.900e-7  7.465e-5  -6.400e-7  6.048e-5
1  5  -6567.2310  -5686.3033  -6322.3807  5.512e-5  -6.300e-7  6.100e-7  7.472e-5  -6.300e-7  6.629e-5
0  5  1116.4577  4596.1553  4355.9141  6.619e-5  -8.000e-7  9.000e-7  8.108e-5  -8.200e-7  9.376e-5
0  1  7683.6883  10282.4550  10678.3008  7.2397e-4  -7.280e-6  7.520e-6  6.762e-4  -7.290e-6  7.310e-4
